epoch,time,train/box_loss,train/cls_loss,train/dfl_loss,metrics/precision(B),metrics/recall(B),metrics/mAP50(B),metrics/mAP50-95(B),val/box_loss,val/cls_loss,val/dfl_loss,lr/pg0,lr/pg1,lr/pg2
1,67.3851,3.31275,5.00146,4.23379,0.0024,0.27215,0.00193,0.00058,3.0982,4.34134,4.34309,0.00332046,0.00332046,0.00332046
2,142.405,2.90822,4.65839,3.59883,0.31376,0.05372,0.00469,0.00137,2.5438,7.5696,3.1464,0.00664062,0.00664062,0.00664062
3,208.679,2.05133,3.81946,2.51436,0.1201,0.06528,0.01215,0.00476,2.11989,4.02597,2.73719,0.00994758,0.00994758,0.00994758
4,275.393,1.77023,3.22764,2.15107,0.22152,0.15874,0.08453,0.03976,1.83533,3.1488,2.24288,0.0099406,0.0099406,0.0099406
5,341.087,1.64125,2.91963,1.99011,0.27236,0.25101,0.1731,0.09282,1.63796,2.61869,2.05736,0.0099208,0.0099208,0.0099208
6,406.142,1.56902,2.72242,1.899,0.32766,0.28876,0.23609,0.13068,1.57606,2.37648,1.96332,0.009901,0.009901,0.009901
7,471.233,1.51774,2.59193,1.85327,0.37624,0.31006,0.26491,0.15031,1.53911,2.25635,1.91495,0.0098812,0.0098812,0.0098812
8,537.108,1.4737,2.47288,1.8033,0.38406,0.36711,0.32007,0.1871,1.476,2.07506,1.84204,0.0098614,0.0098614,0.0098614
9,602.763,1.45046,2.38119,1.78503,0.4071,0.3696,0.33162,0.19131,1.4507,2.05213,1.80129,0.0098416,0.0098416,0.0098416
10,668.058,1.4145,2.30745,1.75068,0.41838,0.40116,0.36741,0.21423,1.42892,1.96015,1.77117,0.0098218,0.0098218,0.0098218
11,734.341,1.39583,2.25779,1.7334,0.46122,0.42049,0.41108,0.24586,1.39741,1.8653,1.75218,0.009802,0.009802,0.009802
12,799.277,1.38122,2.19539,1.71485,0.49142,0.42985,0.44109,0.27184,1.36392,1.79935,1.70937,0.0097822,0.0097822,0.0097822
13,864.082,1.35893,2.13064,1.69397,0.50608,0.4478,0.45578,0.27373,1.36701,1.76164,1.70686,0.0097624,0.0097624,0.0097624
14,928.758,1.35049,2.10782,1.67795,0.52041,0.45722,0.47672,0.29507,1.33178,1.69726,1.67562,0.0097426,0.0097426,0.0097426
15,993.654,1.33078,2.05617,1.65994,0.54614,0.49143,0.51263,0.32113,1.30271,1.63434,1.63347,0.0097228,0.0097228,0.0097228
16,1058.4,1.31069,2.02614,1.64495,0.5547,0.50241,0.5172,0.32314,1.29323,1.59843,1.62629,0.009703,0.009703,0.009703
17,1123.17,1.30572,1.97818,1.63947,0.57446,0.49545,0.53095,0.33846,1.26744,1.57373,1.60049,0.0096832,0.0096832,0.0096832
18,1188.12,1.29895,1.96493,1.63085,0.57333,0.50141,0.53934,0.34317,1.25875,1.58706,1.58176,0.0096634,0.0096634,0.0096634
19,1253.1,1.28653,1.9316,1.62009,0.60477,0.52171,0.56528,0.36416,1.23537,1.50684,1.57058,0.0096436,0.0096436,0.0096436
20,1317.84,1.28156,1.90938,1.61152,0.62323,0.52244,0.57919,0.37842,1.22288,1.44889,1.55242,0.0096238,0.0096238,0.0096238
21,1382.58,1.25955,1.84026,1.59429,0.62585,0.52728,0.5909,0.38561,1.21914,1.4277,1.54622,0.009604,0.009604,0.009604
22,1447.47,1.25948,1.84656,1.58844,0.62967,0.56238,0.60472,0.39778,1.2004,1.39066,1.53048,0.0095842,0.0095842,0.0095842
23,1540.39,1.24751,1.82245,1.57753,0.63917,0.55547,0.61127,0.40438,1.18624,1.36444,1.51008,0.0095644,0.0095644,0.0095644
24,1615.18,1.2344,1.81026,1.57203,0.65544,0.55913,0.62061,0.41294,1.17093,1.35608,1.49866,0.0095446,0.0095446,0.0095446
25,1679.88,1.23684,1.77255,1.56543,0.64457,0.56542,0.62533,0.42027,1.15827,1.33513,1.4841,0.0095248,0.0095248,0.0095248
26,1744.7,1.22184,1.76377,1.55822,0.64445,0.58261,0.63658,0.42885,1.15191,1.29885,1.48451,0.009505,0.009505,0.009505
27,1809.57,1.22544,1.73716,1.55558,0.68556,0.58147,0.65389,0.44351,1.14163,1.27597,1.46368,0.0094852,0.0094852,0.0094852
28,1874.48,1.22352,1.73412,1.55406,0.68565,0.59854,0.66543,0.45578,1.13202,1.24882,1.4544,0.0094654,0.0094654,0.0094654
29,1939.18,1.20751,1.70724,1.53711,0.69515,0.59172,0.65941,0.44807,1.12518,1.24899,1.4519,0.0094456,0.0094456,0.0094456
30,2004.05,1.19485,1.68118,1.5319,0.71684,0.59498,0.67444,0.46264,1.11737,1.21261,1.43841,0.0094258,0.0094258,0.0094258
31,2068.97,1.19668,1.67788,1.5286,0.7032,0.60243,0.67638,0.46452,1.11434,1.20186,1.43545,0.009406,0.009406,0.009406
32,2133.87,1.19427,1.6858,1.52501,0.72982,0.59699,0.68648,0.47321,1.10468,1.19234,1.42777,0.0093862,0.0093862,0.0093862
33,2198.83,1.18934,1.65739,1.51036,0.71205,0.61576,0.69154,0.47719,1.10184,1.17019,1.42322,0.0093664,0.0093664,0.0093664
34,2263.83,1.18771,1.64363,1.51771,0.71377,0.61826,0.70073,0.4869,1.09282,1.15765,1.4127,0.0093466,0.0093466,0.0093466
35,2328.74,1.17971,1.62202,1.5108,0.72848,0.61927,0.70403,0.48845,1.08782,1.14964,1.40536,0.0093268,0.0093268,0.0093268
36,2393.77,1.16488,1.61323,1.49938,0.7323,0.62787,0.70991,0.49319,1.08371,1.13731,1.40494,0.009307,0.009307,0.009307
37,2458.66,1.18099,1.61856,1.50639,0.72576,0.62799,0.70769,0.49429,1.07772,1.12548,1.39985,0.0092872,0.0092872,0.0092872
38,2523.66,1.15834,1.59388,1.49402,0.74425,0.62596,0.71701,0.50208,1.07009,1.11546,1.39627,0.0092674,0.0092674,0.0092674
39,2588.51,1.16656,1.60262,1.49737,0.73472,0.63453,0.71894,0.50579,1.0668,1.1059,1.38739,0.0092476,0.0092476,0.0092476
40,2653.47,1.15961,1.57237,1.49019,0.74989,0.64031,0.7262,0.51084,1.06319,1.0908,1.38057,0.0092278,0.0092278,0.0092278
41,2718.13,1.14543,1.56515,1.4789,0.75154,0.64818,0.73025,0.51488,1.06248,1.0848,1.38075,0.009208,0.009208,0.009208
42,2782.99,1.14994,1.55275,1.48062,0.7598,0.63936,0.73161,0.51756,1.0565,1.07867,1.37504,0.0091882,0.0091882,0.0091882
43,2847.78,1.13598,1.53121,1.47063,0.73774,0.65538,0.73524,0.52057,1.05354,1.07248,1.37019,0.0091684,0.0091684,0.0091684
44,2913.14,1.13866,1.53898,1.47293,0.75662,0.64873,0.73642,0.52091,1.0483,1.06686,1.36693,0.0091486,0.0091486,0.0091486
45,2977.89,1.13604,1.52388,1.46666,0.76238,0.65138,0.74156,0.52627,1.04619,1.06001,1.36225,0.0091288,0.0091288,0.0091288
46,3042.71,1.13921,1.52313,1.46684,0.76093,0.66105,0.7455,0.52829,1.04068,1.04976,1.3576,0.009109,0.009109,0.009109
47,3107.74,1.13011,1.5088,1.46051,0.75814,0.65964,0.74495,0.52957,1.03796,1.04709,1.35524,0.0090892,0.0090892,0.0090892
48,3172.7,1.13776,1.51052,1.46372,0.74687,0.67066,0.7481,0.53182,1.03399,1.04126,1.35119,0.0090694,0.0090694,0.0090694
49,3237.6,1.13227,1.49897,1.45796,0.76346,0.66461,0.75102,0.53618,1.03142,1.03493,1.3479,0.0090496,0.0090496,0.0090496
50,3302.48,1.127,1.48418,1.4548,0.76905,0.66309,0.75292,0.53706,1.0294,1.02983,1.3452,0.0090298,0.0090298,0.0090298
51,3367.31,1.1252,1.48694,1.44887,0.77947,0.65855,0.75428,0.53967,1.02693,1.02212,1.34185,0.00901,0.00901,0.00901
52,3432.32,1.11885,1.46578,1.44335,0.76543,0.66854,0.75603,0.5416,1.02501,1.01682,1.33877,0.0089902,0.0089902,0.0089902
53,3497.07,1.11803,1.47351,1.44586,0.76922,0.6678,0.75752,0.54377,1.02138,1.01215,1.33452,0.0089704,0.0089704,0.0089704
54,3561.99,1.11133,1.45657,1.43454,0.7698,0.67169,0.75951,0.54636,1.01962,1.00806,1.33225,0.0089506,0.0089506,0.0089506
55,3626.73,1.1021,1.4502,1.43335,0.7752,0.66929,0.76169,0.54846,1.01834,1.00479,1.33011,0.0089308,0.0089308,0.0089308
56,3691.58,1.11765,1.45447,1.43752,0.7745,0.67243,0.76314,0.55026,1.01549,0.99963,1.32642,0.008911,0.008911,0.008911
57,3756.32,1.1114,1.44208,1.43537,0.77941,0.67213,0.76399,0.55169,1.01326,0.99811,1.32435,0.0088912,0.0088912,0.0088912
58,3821.23,1.10988,1.43748,1.43356,0.77418,0.67188,0.76448,0.55306,1.01247,0.99617,1.32296,0.0088714,0.0088714,0.0088714
59,3885.93,1.10116,1.43122,1.43034,0.78146,0.66936,0.76674,0.55402,1.01167,0.99276,1.32221,0.0088516,0.0088516,0.0088516
60,3950.8,1.10309,1.42839,1.43069,0.78076,0.67476,0.76774,0.55609,1.01059,0.98988,1.32139,0.0088318,0.0088318,0.0088318
61,4015.51,1.09962,1.41721,1.42731,0.7785,0.6804,0.76913,0.55769,1.00938,0.98658,1.32014,0.008812,0.008812,0.008812
62,4080.32,1.08772,1.41161,1.41811,0.77751,0.68224,0.77035,0.55822,1.00794,0.98348,1.31794,0.0087922,0.0087922,0.0087922
63,4145.01,1.08911,1.41114,1.41509,0.77679,0.68306,0.77129,0.55873,1.00662,0.98054,1.31646,0.0087724,0.0087724,0.0087724
64,4209.79,1.09847,1.4216,1.42224,0.7742,0.68722,0.77229,0.56023,1.00464,0.97812,1.31448,0.0087526,0.0087526,0.0087526
65,4274.27,1.08276,1.38813,1.41108,0.76871,0.69007,0.77241,0.56077,1.00374,0.97616,1.31319,0.0087328,0.0087328,0.0087328
66,4339.04,1.074,1.39501,1.40784,0.76859,0.69082,0.77353,0.56177,1.00244,0.97361,1.31163,0.008713,0.008713,0.008713
67,4403.72,1.08661,1.38921,1.41603,0.77284,0.68969,0.77445,0.56306,1.00107,0.97201,1.31019,0.0086932,0.0086932,0.0086932
68,4468.48,1.08513,1.37742,1.41125,0.77191,0.69072,0.77463,0.56394,1.00001,0.97031,1.30924,0.0086734,0.0086734,0.0086734
69,4533.18,1.08851,1.36887,1.41124,0.7773,0.68725,0.77542,0.56468,0.99941,0.96728,1.3084,0.0086536,0.0086536,0.0086536
70,4597.97,1.08263,1.37386,1.40674,0.78164,0.68563,0.77701,0.5656,0.99841,0.96512,1.30748,0.0086338,0.0086338,0.0086338
71,4662.7,1.08882,1.37517,1.40918,0.78191,0.68727,0.7778,0.56643,0.99763,0.96385,1.30659,0.008614,0.008614,0.008614
72,4727.57,1.08234,1.37114,1.40874,0.7833,0.68616,0.77819,0.56675,0.99701,0.96206,1.30597,0.0085942,0.0085942,0.0085942
73,4792.18,1.06763,1.35809,1.39488,0.78096,0.69166,0.77876,0.56708,0.99624,0.9602,1.30509,0.0085744,0.0085744,0.0085744
74,4856.92,1.07579,1.35429,1.39791,0.77779,0.69335,0.77908,0.56791,0.99543,0.95845,1.30407,0.0085546,0.0085546,0.0085546
75,4921.6,1.07081,1.35089,1.39691,0.77878,0.69309,0.77923,0.56803,0.99444,0.95708,1.30304,0.0085348,0.0085348,0.0085348
76,4986.47,1.06886,1.35574,1.39905,0.78334,0.69138,0.77971,0.56871,0.99401,0.95563,1.30253,0.008515,0.008515,0.008515
77,5051.14,1.06759,1.34332,1.39769,0.78174,0.6925,0.78008,0.56905,0.99361,0.95425,1.30193,0.0084952,0.0084952,0.0084952
78,5115.94,1.07484,1.34127,1.3984,0.7797,0.69485,0.78029,0.56925,0.99273,0.95259,1.30102,0.0084754,0.0084754,0.0084754
79,5180.59,1.0658,1.32987,1.39066,0.77822,0.69761,0.78071,0.57,0.99244,0.95084,1.30047,0.0084556,0.0084556,0.0084556
80,5245.39,1.06534,1.34016,1.39236,0.78076,0.69609,0.78102,0.57064,0.9917,0.94953,1.29975,0.0084358,0.0084358,0.0084358
81,5310.01,1.05965,1.32559,1.38853,0.78457,0.69513,0.78169,0.57154,0.99112,0.94813,1.29923,0.008416,0.008416,0.008416
82,5374.8,1.06891,1.33126,1.3866,0.78828,0.6933,0.78205,0.57184,0.99033,0.94656,1.29828,0.0083962,0.0083962,0.0083962
83,5439.45,1.06656,1.33007,1.38853,0.78923,0.69183,0.78261,0.57171,0.98949,0.94515,1.29753,0.0083764,0.0083764,0.0083764
84,5504.06,1.05878,1.33114,1.38663,0.78751,0.69291,0.78316,0.57253,0.98908,0.94361,1.2969,0.0083566,0.0083566,0.0083566
85,5568.72,1.05751,1.31753,1.38217,0.78738,0.69233,0.78315,0.57308,0.98866,0.94229,1.2964,0.0083368,0.0083368,0.0083368
86,5633.44,1.05973,1.3215,1.38558,0.78937,0.69245,0.78365,0.57347,0.98795,0.94095,1.29554,0.008317,0.008317,0.008317
87,5698.14,1.06006,1.30572,1.38513,0.79097,0.69065,0.78392,0.57399,0.98763,0.93947,1.29486,0.0082972,0.0082972,0.0082972
88,5762.86,1.06227,1.31397,1.38082,0.79084,0.6914,0.78456,0.57455,0.98733,0.93804,1.29406,0.0082774,0.0082774,0.0082774
89,5827.46,1.04843,1.29395,1.37455,0.79258,0.69036,0.78507,0.57494,0.98702,0.93655,1.2934,0.0082576,0.0082576,0.0082576
90,5892.28,1.05578,1.29517,1.37897,0.79178,0.68969,0.78564,0.57594,0.98645,0.9353,1.29259,0.0082378,0.0082378,0.0082378
91,5956.85,1.05186,1.29461,1.37267,0.79178,0.68915,0.78591,0.57662,0.98592,0.93371,1.29188,0.008218,0.008218,0.008218
92,6021.6,1.04353,1.28593,1.36619,0.79586,0.68817,0.78609,0.57666,0.98528,0.93218,1.29107,0.0081982,0.0081982,0.0081982
93,6086.25,1.04447,1.28376,1.36813,0.79742,0.6881,0.78655,0.57691,0.98485,0.93065,1.29043,0.0081784,0.0081784,0.0081784
94,6150.94,1.04516,1.26777,1.36922,0.79594,0.68929,0.78668,0.57754,0.9841,0.92941,1.28943,0.0081586,0.0081586,0.0081586
95,6215.58,1.05598,1.28251,1.37183,0.79578,0.69103,0.7871,0.5782,0.98365,0.92817,1.28879,0.0081388,0.0081388,0.0081388
96,6280.43,1.0528,1.28684,1.37874,0.78837,0.69728,0.78735,0.57831,0.98315,0.927,1.28808,0.008119,0.008119,0.008119
97,6345.12,1.04212,1.27239,1.36703,0.79478,0.6931,0.78791,0.5788,0.98278,0.92573,1.28755,0.0080992,0.0080992,0.0080992
98,6409.89,1.03316,1.26517,1.36174,0.79364,0.695,0.78826,0.57918,0.9823,0.92472,1.28697,0.0080794,0.0080794,0.0080794
99,6474.52,1.03874,1.27309,1.36056,0.78841,0.69933,0.78862,0.57968,0.98165,0.92322,1.28604,0.0080596,0.0080596,0.0080596
100,6539.24,1.03391,1.26471,1.3606,0.79122,0.6982,0.78887,0.57996,0.98142,0.92178,1.28568,0.0080398,0.0080398,0.0080398
101,6603.84,1.03889,1.27155,1.36247,0.79034,0.69927,0.78935,0.58032,0.9809,0.92051,1.2849,0.00802,0.00802,0.00802
102,6668.59,1.03232,1.26167,1.36174,0.79211,0.69898,0.78969,0.58126,0.98059,0.91905,1.28437,0.0080002,0.0080002,0.0080002
103,6733.31,1.04027,1.26326,1.3616,0.7884,0.70108,0.79023,0.58173,0.9803,0.91766,1.28372,0.0079804,0.0079804,0.0079804
104,6797.98,1.02789,1.25904,1.35642,0.79161,0.69976,0.79022,0.58164,0.97982,0.9163,1.28296,0.0079606,0.0079606,0.0079606
105,6862.59,1.02878,1.25163,1.35562,0.79117,0.70039,0.79038,0.58191,0.97941,0.91497,1.28249,0.0079408,0.0079408,0.0079408
106,6927.37,1.02777,1.25902,1.35528,0.79353,0.69933,0.79106,0.58234,0.97881,0.91338,1.2817,0.007921,0.007921,0.007921
107,6992.04,1.04433,1.25895,1.36124,0.79433,0.69888,0.79127,0.58253,0.97809,0.91204,1.28073,0.0079012,0.0079012,0.0079012
108,7056.91,1.02408,1.24645,1.3517,0.79832,0.69706,0.79174,0.58279,0.97747,0.91067,1.27983,0.0078814,0.0078814,0.0078814
109,7121.53,1.02314,1.23645,1.34919,0.80037,0.69687,0.79186,0.5832,0.97682,0.90929,1.279,0.0078616,0.0078616,0.0078616
110,7186.25,1.03507,1.24722,1.35714,0.80075,0.69832,0.7922,0.58363,0.9765,0.90781,1.27842,0.0078418,0.0078418,0.0078418
111,7250.93,1.02897,1.23437,1.35397,0.80196,0.69742,0.79205,0.58384,0.9762,0.90596,1.2778,0.007822,0.007822,0.007822
112,7315.64,1.0336,1.24387,1.35919,0.79774,0.70123,0.79249,0.58444,0.97549,0.90453,1.27708,0.0078022,0.0078022,0.0078022
113,7380.3,1.01976,1.23419,1.34595,0.80036,0.70008,0.79282,0.58487,0.97518,0.90328,1.27662,0.0077824,0.0077824,0.0077824
114,7445.01,1.0245,1.23824,1.35304,0.79977,0.70138,0.79369,0.58515,0.9747,0.90183,1.27574,0.0077626,0.0077626,0.0077626
115,7509.56,1.02256,1.22241,1.34774,0.79921,0.70233,0.79376,0.58582,0.97424,0.90058,1.27491,0.0077428,0.0077428,0.0077428
116,7574.14,1.03082,1.24076,1.35624,0.79757,0.70354,0.79405,0.58614,0.97393,0.89918,1.27433,0.007723,0.007723,0.007723
117,7638.75,1.0237,1.22783,1.34879,0.79599,0.70526,0.79475,0.5866,0.97329,0.89802,1.27345,0.0077032,0.0077032,0.0077032
118,7703.52,1.02206,1.21772,1.34437,0.7957,0.70544,0.79468,0.58726,0.97287,0.89658,1.27271,0.0076834,0.0076834,0.0076834
119,7768.25,1.02069,1.22228,1.34636,0.80256,0.70107,0.7949,0.58736,0.97224,0.8955,1.27196,0.0076636,0.0076636,0.0076636
120,7833.07,1.02061,1.21572,1.34946,0.80074,0.70227,0.79556,0.58782,0.97196,0.89459,1.27146,0.0076438,0.0076438,0.0076438
121,7897.7,1.02011,1.22171,1.34531,0.80339,0.70099,0.79581,0.58818,0.97149,0.89371,1.27098,0.007624,0.007624,0.007624
122,7962.43,1.01933,1.2159,1.34287,0.80173,0.7026,0.79602,0.58891,0.97128,0.89251,1.27032,0.0076042,0.0076042,0.0076042
123,8027.04,1.01307,1.21127,1.33855,0.80372,0.7028,0.796,0.58873,0.97101,0.89156,1.26981,0.0075844,0.0075844,0.0075844
124,8091.64,1.01599,1.20336,1.33853,0.80849,0.70003,0.79656,0.58942,0.97068,0.89063,1.26937,0.0075646,0.0075646,0.0075646
125,8156.16,1.01992,1.20979,1.33992,0.80755,0.70018,0.79636,0.58962,0.97048,0.88962,1.26889,0.0075448,0.0075448,0.0075448
126,8220.76,1.01918,1.20053,1.34011,0.80687,0.70112,0.79704,0.5898,0.97023,0.88856,1.26836,0.007525,0.007525,0.007525
127,8285.43,1.02636,1.21501,1.34139,0.8066,0.70095,0.7973,0.59024,0.9698,0.88742,1.26754,0.0075052,0.0075052,0.0075052
128,8350.2,1.01429,1.19838,1.33661,0.79997,0.70796,0.79761,0.59045,0.96958,0.88646,1.26698,0.0074854,0.0074854,0.0074854
129,8414.75,1.00709,1.19346,1.33101,0.79921,0.70797,0.79805,0.59135,0.96953,0.88538,1.26681,0.0074656,0.0074656,0.0074656
130,8479.15,1.00708,1.18674,1.32927,0.7999,0.70914,0.79853,0.59157,0.96912,0.88423,1.26604,0.0074458,0.0074458,0.0074458
131,8543.42,1.00191,1.19092,1.32924,0.80019,0.71012,0.79933,0.59203,0.96883,0.88311,1.26556,0.007426,0.007426,0.007426
132,8607.8,1.01392,1.19864,1.33592,0.79837,0.71204,0.79948,0.59249,0.96811,0.882,1.26461,0.0074062,0.0074062,0.0074062
133,8672.1,1.00138,1.19328,1.32488,0.79884,0.71181,0.79994,0.59318,0.96773,0.881,1.26389,0.0073864,0.0073864,0.0073864
134,8736.45,1.01378,1.19377,1.33136,0.79988,0.71159,0.80045,0.59345,0.96743,0.87992,1.26339,0.0073666,0.0073666,0.0073666
135,8800.71,1.00711,1.19491,1.32782,0.80268,0.70895,0.80101,0.59389,0.96732,0.87901,1.26295,0.0073468,0.0073468,0.0073468
136,8865.07,1.00737,1.18133,1.33306,0.80291,0.70974,0.80149,0.59429,0.9669,0.87793,1.2623,0.007327,0.007327,0.007327
137,8929.33,1.00909,1.19225,1.3284,0.80113,0.71095,0.80164,0.59468,0.96678,0.8769,1.26179,0.0073072,0.0073072,0.0073072
138,8993.56,1.00417,1.18459,1.32837,0.80112,0.7109,0.80169,0.59497,0.96643,0.87584,1.26122,0.0072874,0.0072874,0.0072874
139,9057.8,0.99779,1.17654,1.32221,0.7956,0.71557,0.80209,0.59543,0.96624,0.87481,1.26078,0.0072676,0.0072676,0.0072676
140,9122.16,0.99911,1.17785,1.32176,0.79603,0.71568,0.8025,0.59575,0.966,0.874,1.26039,0.0072478,0.0072478,0.0072478
141,9186.39,0.99755,1.17269,1.31824,0.79502,0.7175,0.80312,0.59621,0.96568,0.87281,1.25987,0.007228,0.007228,0.007228
142,9250.72,0.99746,1.17367,1.32191,0.79557,0.71767,0.80327,0.59635,0.96529,0.87209,1.25928,0.0072082,0.0072082,0.0072082
143,9314.94,0.99031,1.17162,1.32005,0.79286,0.71898,0.80348,0.59662,0.96504,0.87136,1.25882,0.0071884,0.0071884,0.0071884
144,9379.32,1.00742,1.17361,1.32278,0.79407,0.7185,0.80384,0.59677,0.96471,0.87046,1.25825,0.0071686,0.0071686,0.0071686
145,9443.6,1.00213,1.16837,1.32277,0.79389,0.72011,0.80405,0.59702,0.96418,0.86987,1.2576,0.0071488,0.0071488,0.0071488
146,9507.96,1.00432,1.17398,1.32332,0.79645,0.71927,0.80423,0.59731,0.96377,0.86858,1.25684,0.007129,0.007129,0.007129
147,9572.23,0.99989,1.16646,1.32082,0.79772,0.71882,0.80469,0.59745,0.96345,0.86755,1.25626,0.0071092,0.0071092,0.0071092
148,9636.58,0.99582,1.16067,1.31731,0.79853,0.72016,0.80498,0.59792,0.96287,0.86683,1.25562,0.0070894,0.0070894,0.0070894
149,9700.82,0.99527,1.16602,1.31383,0.79915,0.71999,0.80527,0.59817,0.96258,0.86578,1.25513,0.0070696,0.0070696,0.0070696
150,9765.14,0.99579,1.16974,1.31888,0.79836,0.72087,0.80553,0.59818,0.96229,0.86495,1.25475,0.0070498,0.0070498,0.0070498
151,9829.33,0.99213,1.15388,1.31443,0.79947,0.72097,0.80586,0.59882,0.96207,0.86382,1.25433,0.00703,0.00703,0.00703
152,9893.7,0.98825,1.14636,1.30888,0.80169,0.71937,0.80598,0.5993,0.96154,0.86281,1.25351,0.0070102,0.0070102,0.0070102
153,9957.77,0.98816,1.14674,1.30752,0.8042,0.71835,0.80629,0.59941,0.96161,0.86214,1.25331,0.0069904,0.0069904,0.0069904
154,10022,0.99383,1.15936,1.31553,0.80536,0.71827,0.8065,0.59993,0.96101,0.8613,1.25246,0.0069706,0.0069706,0.0069706
155,10086.2,0.9938,1.1578,1.31261,0.80486,0.71877,0.80684,0.60032,0.96069,0.86066,1.25185,0.0069508,0.0069508,0.0069508
156,10150.5,0.98237,1.14694,1.31011,0.80206,0.71989,0.80686,0.60029,0.96039,0.85994,1.2514,0.006931,0.006931,0.006931
157,10214.7,0.98423,1.14355,1.30962,0.80045,0.72113,0.80716,0.60103,0.95988,0.85935,1.25084,0.0069112,0.0069112,0.0069112
158,10279,0.99001,1.14654,1.30953,0.80068,0.7212,0.80739,0.60127,0.9597,0.85872,1.25059,0.0068914,0.0068914,0.0068914
159,10343.2,0.9844,1.14019,1.30582,0.80297,0.72067,0.80786,0.60159,0.95915,0.8583,1.24975,0.0068716,0.0068716,0.0068716
160,10407.6,0.98551,1.13607,1.30732,0.80296,0.72168,0.80802,0.60181,0.95881,0.85742,1.24939,0.0068518,0.0068518,0.0068518
161,10471.9,0.99236,1.128,1.30979,0.80234,0.72309,0.80818,0.60213,0.95847,0.85678,1.24876,0.006832,0.006832,0.006832
162,10536.1,0.99232,1.14437,1.30979,0.80337,0.72229,0.80829,0.60251,0.9584,0.85593,1.2483,0.0068122,0.0068122,0.0068122
163,10600.3,0.99366,1.14398,1.30966,0.80526,0.72191,0.80853,0.60287,0.9579,0.85498,1.24761,0.0067924,0.0067924,0.0067924
164,10664.6,0.97995,1.13053,1.30338,0.80489,0.72256,0.80895,0.60296,0.95726,0.85423,1.2467,0.0067726,0.0067726,0.0067726
165,10728.9,0.98329,1.13329,1.3008,0.80167,0.72516,0.80928,0.60345,0.95668,0.85343,1.24591,0.0067528,0.0067528,0.0067528
166,10793.2,0.9827,1.1363,1.30629,0.805,0.72378,0.80937,0.60354,0.95632,0.85276,1.24526,0.006733,0.006733,0.006733
167,10857.4,0.97745,1.13088,1.29685,0.80707,0.72183,0.80957,0.60389,0.95624,0.85195,1.24493,0.0067132,0.0067132,0.0067132
168,10921.7,0.98054,1.1242,1.30453,0.80225,0.72522,0.80992,0.60407,0.95604,0.85124,1.24454,0.0066934,0.0066934,0.0066934
169,10985.9,0.98792,1.12917,1.30552,0.80265,0.72472,0.8104,0.6045,0.95594,0.85036,1.24413,0.0066736,0.0066736,0.0066736
170,11050.1,0.98397,1.11868,1.3006,0.80328,0.72426,0.81028,0.60468,0.95574,0.8495,1.24382,0.0066538,0.0066538,0.0066538
171,11114.3,0.97512,1.12402,1.29892,0.80583,0.72291,0.81082,0.60483,0.95597,0.84875,1.24371,0.006634,0.006634,0.006634
172,11178.6,0.97928,1.12542,1.29985,0.81013,0.72074,0.81139,0.60539,0.95566,0.84805,1.24302,0.0066142,0.0066142,0.0066142
173,11242.8,0.97156,1.11798,1.29591,0.80823,0.72347,0.81158,0.60575,0.95541,0.84734,1.24251,0.0065944,0.0065944,0.0065944
174,11307.1,0.97425,1.12334,1.30144,0.81132,0.72178,0.81178,0.60603,0.95523,0.84623,1.24193,0.0065746,0.0065746,0.0065746
175,11371.3,0.97477,1.11694,1.29293,0.80989,0.72209,0.8121,0.60629,0.9551,0.84513,1.24156,0.0065548,0.0065548,0.0065548
176,11435.6,0.97991,1.11586,1.29518,0.80861,0.72358,0.81243,0.60656,0.95493,0.84417,1.24109,0.006535,0.006535,0.006535
177,11499.7,0.98225,1.11911,1.29614,0.80813,0.72432,0.81257,0.60694,0.95467,0.84345,1.24044,0.0065152,0.0065152,0.0065152
178,11564,0.97312,1.10477,1.2934,0.8096,0.72463,0.81283,0.60706,0.95428,0.84271,1.23995,0.0064954,0.0064954,0.0064954
179,11628.2,0.97217,1.09613,1.28704,0.80727,0.72759,0.81289,0.6073,0.95409,0.84233,1.2394,0.0064756,0.0064756,0.0064756
180,11692.5,0.97684,1.11447,1.29825,0.80771,0.72779,0.81281,0.60723,0.95369,0.8417,1.23891,0.0064558,0.0064558,0.0064558
181,11756.7,0.97795,1.12075,1.29509,0.80767,0.72933,0.81291,0.60754,0.9535,0.84074,1.23843,0.006436,0.006436,0.006436
182,11821,0.97117,1.10657,1.29219,0.80831,0.72907,0.8133,0.60785,0.95314,0.84021,1.23798,0.0064162,0.0064162,0.0064162
183,11885.2,0.9795,1.10216,1.29493,0.80949,0.72705,0.81334,0.60822,0.95263,0.83938,1.23725,0.0063964,0.0063964,0.0063964
184,11949.6,0.96722,1.09364,1.28518,0.80939,0.72804,0.8135,0.6082,0.95208,0.83881,1.23653,0.0063766,0.0063766,0.0063766
185,12013.6,0.96681,1.10611,1.29155,0.80876,0.72909,0.81341,0.60849,0.95188,0.83861,1.23616,0.0063568,0.0063568,0.0063568
186,12077.9,0.95984,1.0883,1.28578,0.81104,0.72782,0.81381,0.60868,0.9516,0.83759,1.23577,0.006337,0.006337,0.006337
187,12141.9,0.96454,1.09283,1.28788,0.81161,0.72846,0.81409,0.60891,0.95134,0.83687,1.23539,0.0063172,0.0063172,0.0063172
188,12206.3,0.97613,1.10092,1.29538,0.81299,0.72739,0.81422,0.60912,0.9509,0.83573,1.23473,0.0062974,0.0062974,0.0062974
189,12270.2,0.96781,1.08956,1.29119,0.81619,0.72494,0.81479,0.60959,0.95063,0.83486,1.23429,0.0062776,0.0062776,0.0062776
190,12334.6,0.96442,1.08841,1.28285,0.81444,0.7266,0.81476,0.6098,0.95051,0.83419,1.234,0.0062578,0.0062578,0.0062578
191,12398.5,0.97024,1.08882,1.28354,0.81706,0.7261,0.81548,0.61031,0.95029,0.83314,1.23368,0.006238,0.006238,0.006238
192,12462.8,0.95534,1.08091,1.27842,0.82029,0.72533,0.81605,0.61049,0.94994,0.83224,1.23323,0.0062182,0.0062182,0.0062182
193,12527,0.96008,1.08758,1.28367,0.81739,0.72816,0.81618,0.61075,0.94939,0.83131,1.23263,0.0061984,0.0061984,0.0061984
194,12591.2,0.96454,1.09126,1.2864,0.81568,0.72973,0.81611,0.61083,0.94909,0.83032,1.23219,0.0061786,0.0061786,0.0061786
195,12655.4,0.9597,1.08951,1.28462,0.81792,0.72837,0.81646,0.61127,0.9488,0.82893,1.2317,0.0061588,0.0061588,0.0061588
196,12719.7,0.95814,1.07978,1.27957,0.81812,0.72891,0.81646,0.61134,0.94855,0.8279,1.23117,0.006139,0.006139,0.006139
197,12783.9,0.95534,1.07681,1.27898,0.81731,0.72912,0.81714,0.61162,0.94863,0.82697,1.23098,0.0061192,0.0061192,0.0061192
198,12848.2,0.96185,1.08075,1.2808,0.81677,0.72932,0.817,0.61169,0.94817,0.82668,1.23033,0.0060994,0.0060994,0.0060994
199,12912.4,0.96266,1.08761,1.28494,0.81698,0.72916,0.81711,0.61187,0.94785,0.82571,1.22987,0.0060796,0.0060796,0.0060796
200,12976.7,0.95924,1.0788,1.27751,0.81543,0.72995,0.81753,0.61224,0.94749,0.82493,1.22921,0.0060598,0.0060598,0.0060598
201,13040.9,0.96659,1.07668,1.2852,0.81751,0.72967,0.81759,0.61282,0.94726,0.82413,1.22876,0.00604,0.00604,0.00604
202,13105,0.95352,1.0707,1.27701,0.81877,0.72994,0.81815,0.61324,0.94707,0.82357,1.2283,0.0060202,0.0060202,0.0060202
203,13169.2,0.9694,1.09167,1.28556,0.81915,0.73061,0.81813,0.61332,0.94697,0.82286,1.22792,0.0060004,0.0060004,0.0060004
204,13233.5,0.96372,1.07902,1.27915,0.81871,0.73124,0.81841,0.61355,0.94674,0.8225,1.22733,0.0059806,0.0059806,0.0059806
205,13297.7,0.95452,1.06741,1.27439,0.8188,0.73188,0.81863,0.6136,0.94643,0.82175,1.22678,0.0059608,0.0059608,0.0059608
206,13362,0.9507,1.07214,1.27729,0.82129,0.73077,0.81873,0.61377,0.94625,0.82103,1.22631,0.005941,0.005941,0.005941
207,13426.1,0.95229,1.0688,1.27466,0.82352,0.73029,0.81864,0.61415,0.94636,0.82007,1.22613,0.0059212,0.0059212,0.0059212
208,13490.4,0.95345,1.07174,1.27801,0.82225,0.73191,0.81905,0.61451,0.94629,0.81957,1.22575,0.0059014,0.0059014,0.0059014
209,13554.6,0.94629,1.05975,1.27182,0.82136,0.73305,0.81918,0.61463,0.94616,0.81906,1.22536,0.0058816,0.0058816,0.0058816
210,13618.9,0.95569,1.06562,1.27593,0.82221,0.73381,0.81953,0.61454,0.94606,0.81831,1.22501,0.0058618,0.0058618,0.0058618
211,13683,0.94711,1.05651,1.27017,0.82209,0.73394,0.81963,0.61534,0.94597,0.81785,1.22466,0.005842,0.005842,0.005842
212,13747.2,0.94516,1.05013,1.26887,0.82322,0.73406,0.82001,0.61522,0.94547,0.81705,1.22414,0.0058222,0.0058222,0.0058222
213,13811.4,0.96571,1.07248,1.28136,0.8188,0.7358,0.82015,0.61514,0.9452,0.81642,1.22371,0.0058024,0.0058024,0.0058024
214,13875.5,0.95317,1.06578,1.27211,0.81999,0.73468,0.82022,0.61555,0.9449,0.81587,1.22318,0.0057826,0.0057826,0.0057826
215,13939.7,0.951,1.06438,1.27352,0.82047,0.73482,0.82036,0.616,0.94458,0.81544,1.22272,0.0057628,0.0057628,0.0057628
216,14004,0.95056,1.06096,1.26998,0.82072,0.73454,0.82051,0.61606,0.94461,0.81494,1.2224,0.005743,0.005743,0.005743
217,14068,0.94568,1.05,1.26964,0.82073,0.73439,0.82066,0.61619,0.94428,0.81461,1.22194,0.0057232,0.0057232,0.0057232
218,14132.3,0.94703,1.06753,1.27292,0.82195,0.73363,0.82082,0.6161,0.94436,0.81409,1.22171,0.0057034,0.0057034,0.0057034
219,14196.4,0.94721,1.06447,1.27076,0.82062,0.73679,0.82109,0.6165,0.94392,0.81335,1.22135,0.0056836,0.0056836,0.0056836
220,14260.7,0.95253,1.05386,1.27286,0.82094,0.7374,0.82094,0.61666,0.94374,0.81293,1.22113,0.0056638,0.0056638,0.0056638
221,14324.9,0.95178,1.0637,1.27212,0.82142,0.7374,0.82099,0.61698,0.94359,0.81213,1.22075,0.005644,0.005644,0.005644
222,14389.2,0.94335,1.03277,1.26249,0.82112,0.73719,0.82086,0.61705,0.94335,0.81174,1.22045,0.0056242,0.0056242,0.0056242
223,14453.3,0.9355,1.04041,1.26242,0.81989,0.73759,0.82076,0.6172,0.94319,0.81169,1.22016,0.0056044,0.0056044,0.0056044
224,14517.5,0.93837,1.05205,1.26413,0.81817,0.73891,0.82095,0.61755,0.94276,0.81087,1.21963,0.0055846,0.0055846,0.0055846
225,14581.7,0.94702,1.04189,1.26689,0.81744,0.74077,0.8214,0.61808,0.9424,0.80974,1.21915,0.0055648,0.0055648,0.0055648
226,14646,0.94761,1.04559,1.26825,0.81688,0.74198,0.82177,0.61827,0.94207,0.8089,1.21869,0.005545,0.005545,0.005545
227,14710.2,0.95043,1.0487,1.27193,0.81556,0.74356,0.82195,0.6183,0.94199,0.80828,1.21845,0.0055252,0.0055252,0.0055252
228,14774.5,0.94829,1.04074,1.26867,0.81318,0.74307,0.82215,0.6186,0.94182,0.8075,1.21811,0.0055054,0.0055054,0.0055054
229,14838.8,0.94423,1.0414,1.26432,0.81337,0.74211,0.82215,0.61874,0.94167,0.80664,1.2178,0.0054856,0.0054856,0.0054856
230,14903.1,0.9274,1.0294,1.26024,0.81344,0.74263,0.82203,0.61892,0.94125,0.8061,1.21729,0.0054658,0.0054658,0.0054658
231,14967.2,0.9389,1.04496,1.2626,0.81246,0.74396,0.82244,0.61942,0.94132,0.80512,1.21737,0.005446,0.005446,0.005446
232,15031.5,0.94203,1.03291,1.26278,0.81253,0.74488,0.82231,0.61924,0.9413,0.80453,1.21719,0.0054262,0.0054262,0.0054262
233,15095.7,0.93072,1.0297,1.25482,0.80838,0.74703,0.82228,0.61915,0.94103,0.80363,1.21663,0.0054064,0.0054064,0.0054064
234,15159.7,0.94859,1.04453,1.26582,0.8079,0.7475,0.82246,0.61918,0.94101,0.80336,1.21648,0.0053866,0.0053866,0.0053866
235,15223.8,0.93742,1.01983,1.25676,0.80648,0.74738,0.822,0.6191,0.94089,0.80253,1.21613,0.0053668,0.0053668,0.0053668
236,15287.9,0.93507,1.03072,1.25528,0.80749,0.74686,0.82205,0.61967,0.94093,0.80155,1.21606,0.005347,0.005347,0.005347
237,15352.1,0.92762,1.02479,1.25865,0.81249,0.7422,0.82207,0.61964,0.9407,0.80075,1.21577,0.0053272,0.0053272,0.0053272
238,15416.2,0.92909,1.02497,1.25364,0.80936,0.74582,0.82209,0.61966,0.94053,0.79994,1.21543,0.0053074,0.0053074,0.0053074
239,15480.3,0.93697,1.02506,1.26017,0.81247,0.74361,0.82215,0.61992,0.94032,0.79904,1.21505,0.0052876,0.0052876,0.0052876
240,15544.5,0.93384,1.01268,1.2549,0.81412,0.7426,0.82234,0.62038,0.94015,0.79836,1.21476,0.0052678,0.0052678,0.0052678
241,15608.5,0.93232,1.02666,1.25571,0.81747,0.7382,0.82222,0.6203,0.94002,0.79754,1.21448,0.005248,0.005248,0.005248
242,15672.7,0.92908,1.01892,1.25264,0.81529,0.74098,0.82232,0.62069,0.93971,0.79672,1.21393,0.0052282,0.0052282,0.0052282
243,15736.9,0.94149,1.0277,1.25956,0.82078,0.73695,0.82259,0.62102,0.93962,0.79609,1.2136,0.0052084,0.0052084,0.0052084
244,15801.2,0.93058,1.01199,1.25403,0.8221,0.73629,0.82278,0.621,0.93977,0.79586,1.21348,0.0051886,0.0051886,0.0051886
245,15865.3,0.94164,1.0301,1.26253,0.82121,0.73818,0.82302,0.62127,0.9396,0.79515,1.21308,0.0051688,0.0051688,0.0051688
246,15929.7,0.93514,1.01532,1.25513,0.82198,0.73796,0.82325,0.62143,0.93967,0.79473,1.21309,0.005149,0.005149,0.005149
247,15993.8,0.93672,1.01512,1.25355,0.82372,0.73636,0.82334,0.62111,0.93986,0.79399,1.21312,0.0051292,0.0051292,0.0051292
248,16058,0.93411,1.01944,1.25454,0.82203,0.73893,0.82336,0.62092,0.9401,0.79338,1.2132,0.0051094,0.0051094,0.0051094
249,16122.1,0.93323,1.00798,1.25119,0.82092,0.73914,0.82358,0.62103,0.93981,0.79284,1.21275,0.0050896,0.0050896,0.0050896
250,16186.2,0.92698,1.01487,1.2487,0.82142,0.73845,0.82363,0.62127,0.93958,0.79216,1.21255,0.0050698,0.0050698,0.0050698
251,16250.2,0.92677,1.02274,1.25342,0.82326,0.73655,0.82346,0.62137,0.93925,0.79176,1.21217,0.00505,0.00505,0.00505
252,16314.3,0.92953,1.0105,1.25198,0.82383,0.73698,0.82357,0.62138,0.93927,0.7912,1.21194,0.0050302,0.0050302,0.0050302
253,16378.3,0.9228,1.00141,1.25078,0.82224,0.73777,0.82364,0.62149,0.93913,0.79084,1.21168,0.0050104,0.0050104,0.0050104
254,16442.4,0.92794,1.0099,1.25216,0.82269,0.7374,0.82375,0.62146,0.93945,0.79026,1.21191,0.0049906,0.0049906,0.0049906
255,16506.4,0.92186,0.9982,1.24295,0.82236,0.73811,0.82381,0.62159,0.93973,0.7901,1.21205,0.0049708,0.0049708,0.0049708
256,16570.6,0.92438,1.0096,1.24906,0.82279,0.73765,0.824,0.62192,0.93991,0.78986,1.21202,0.004951,0.004951,0.004951
257,16634.8,0.92324,1.00414,1.24855,0.82221,0.73877,0.82413,0.62215,0.93968,0.78937,1.21167,0.0049312,0.0049312,0.0049312
258,16699.1,0.9271,1.00699,1.25084,0.82245,0.73846,0.82444,0.62224,0.93956,0.78897,1.21148,0.0049114,0.0049114,0.0049114
259,16763.2,0.92645,0.99902,1.24988,0.8223,0.7382,0.82424,0.62216,0.93953,0.78849,1.21144,0.0048916,0.0048916,0.0048916
260,16827.3,0.91773,1.00165,1.2469,0.82259,0.73876,0.8241,0.62213,0.93958,0.78811,1.21141,0.0048718,0.0048718,0.0048718
261,16891.5,0.92024,1.00352,1.24707,0.82208,0.73886,0.82406,0.62222,0.93944,0.78782,1.21119,0.004852,0.004852,0.004852
262,16955.6,0.91818,0.99391,1.24606,0.8215,0.7388,0.8237,0.62205,0.93924,0.78751,1.21064,0.0048322,0.0048322,0.0048322
263,17019.6,0.91409,0.9922,1.24415,0.82128,0.73983,0.8239,0.62223,0.93925,0.78747,1.21056,0.0048124,0.0048124,0.0048124
264,17083.8,0.92503,0.99236,1.24493,0.82137,0.73974,0.82436,0.62241,0.93931,0.78699,1.21053,0.0047926,0.0047926,0.0047926
265,17147.9,0.90561,0.98221,1.23628,0.824,0.73832,0.82413,0.62266,0.93921,0.78632,1.21032,0.0047728,0.0047728,0.0047728
266,17212,0.91775,0.99862,1.2459,0.82299,0.73942,0.82461,0.62291,0.93916,0.78604,1.21012,0.004753,0.004753,0.004753
267,17276.2,0.9189,0.98983,1.24495,0.82507,0.73795,0.82466,0.62263,0.9393,0.78548,1.21005,0.0047332,0.0047332,0.0047332
268,17340.2,0.91369,0.9936,1.24137,0.8253,0.73812,0.82477,0.62305,0.9391,0.78498,1.20987,0.0047134,0.0047134,0.0047134
269,17404.4,0.92278,0.99488,1.2462,0.82613,0.73702,0.82488,0.62328,0.93913,0.78448,1.20985,0.0046936,0.0046936,0.0046936
270,17468.7,0.93522,1.00117,1.24936,0.82619,0.73681,0.82484,0.62318,0.93874,0.78406,1.20944,0.0046738,0.0046738,0.0046738
271,17532.7,0.91168,0.97994,1.24045,0.82691,0.73624,0.82472,0.6231,0.93886,0.78369,1.20942,0.004654,0.004654,0.004654
272,17596.8,0.91106,0.98137,1.2382,0.82538,0.73669,0.82483,0.62347,0.93871,0.78329,1.2093,0.0046342,0.0046342,0.0046342
273,17660.9,0.91023,0.98721,1.23553,0.82663,0.73634,0.82492,0.62362,0.93874,0.7829,1.20926,0.0046144,0.0046144,0.0046144
274,17725.1,0.92054,0.98042,1.24369,0.82753,0.73602,0.82511,0.62362,0.93873,0.78232,1.20911,0.0045946,0.0045946,0.0045946
275,17789.3,0.92192,0.99537,1.24805,0.8266,0.73669,0.82535,0.62343,0.93863,0.78179,1.20892,0.0045748,0.0045748,0.0045748
276,17853.4,0.91337,0.97967,1.24253,0.82908,0.73561,0.82542,0.62365,0.93828,0.78143,1.20861,0.004555,0.004555,0.004555
277,17917.5,0.91116,0.97557,1.23894,0.82527,0.73843,0.82529,0.62404,0.93822,0.78097,1.20843,0.0045352,0.0045352,0.0045352
278,17981.7,0.91442,0.97594,1.23952,0.824,0.73972,0.82564,0.62406,0.93786,0.78037,1.20803,0.0045154,0.0045154,0.0045154
279,18045.8,0.9053,0.96748,1.23301,0.82288,0.73889,0.82563,0.62396,0.93779,0.78023,1.20765,0.0044956,0.0044956,0.0044956
280,18110,0.91197,0.96424,1.23322,0.82316,0.7397,0.82601,0.62416,0.93786,0.77991,1.20749,0.0044758,0.0044758,0.0044758
281,18174.1,0.90571,0.97433,1.2376,0.82362,0.7398,0.82599,0.62417,0.93784,0.77977,1.20736,0.004456,0.004456,0.004456
282,18238.3,0.90298,0.97352,1.23159,0.82819,0.73779,0.82609,0.62438,0.9378,0.77937,1.20715,0.0044362,0.0044362,0.0044362
283,18302.4,0.91473,0.97531,1.2384,0.8277,0.73915,0.82612,0.62439,0.93796,0.77912,1.20715,0.0044164,0.0044164,0.0044164
284,18366.6,0.89765,0.95963,1.22844,0.81606,0.74613,0.82583,0.6243,0.93791,0.77904,1.20696,0.0043966,0.0043966,0.0043966
285,18430.7,0.90583,0.97365,1.23563,0.81702,0.74532,0.82568,0.62435,0.93793,0.7789,1.20687,0.0043768,0.0043768,0.0043768
286,18494.8,0.90643,0.97123,1.23691,0.81836,0.74499,0.82591,0.62443,0.93794,0.7788,1.20693,0.004357,0.004357,0.004357
287,18558.9,0.9012,0.95384,1.23056,0.81842,0.74548,0.82616,0.62457,0.93799,0.77892,1.20712,0.0043372,0.0043372,0.0043372
288,18623.1,0.90311,0.96111,1.22997,0.82089,0.7439,0.82588,0.62443,0.93804,0.77874,1.20709,0.0043174,0.0043174,0.0043174
289,18687.2,0.89995,0.96943,1.23155,0.82353,0.74304,0.82597,0.62454,0.93823,0.77847,1.2071,0.0042976,0.0042976,0.0042976
290,18751.2,0.90244,0.95683,1.23091,0.81815,0.74761,0.82586,0.62429,0.93829,0.77818,1.20705,0.0042778,0.0042778,0.0042778
291,18815.3,0.91127,0.96457,1.23547,0.82349,0.742,0.82525,0.62464,0.9382,0.77785,1.20689,0.004258,0.004258,0.004258
292,18879.4,0.90147,0.95722,1.23062,0.82196,0.74278,0.82528,0.62431,0.9385,0.77754,1.20694,0.0042382,0.0042382,0.0042382
293,18943.5,0.89581,0.95725,1.23084,0.81951,0.7457,0.82556,0.62468,0.93852,0.77721,1.20689,0.0042184,0.0042184,0.0042184
294,19007.8,0.91033,0.96941,1.23655,0.82243,0.74404,0.82559,0.62492,0.9387,0.77699,1.20706,0.0041986,0.0041986,0.0041986
295,19071.9,0.90872,0.96394,1.2306,0.82601,0.74028,0.82541,0.625,0.93894,0.77659,1.20718,0.0041788,0.0041788,0.0041788
296,19136.1,0.89824,0.9429,1.22607,0.82366,0.74102,0.82542,0.62519,0.93908,0.77638,1.20718,0.004159,0.004159,0.004159
297,19200.2,0.89433,0.94607,1.22339,0.82248,0.74144,0.82572,0.62498,0.93897,0.77618,1.20696,0.0041392,0.0041392,0.0041392
298,19264.2,0.89512,0.947,1.22609,0.82106,0.7435,0.82562,0.62528,0.9387,0.77567,1.20655,0.0041194,0.0041194,0.0041194
299,19328.3,0.89615,0.94966,1.22551,0.82413,0.74235,0.82544,0.62515,0.9387,0.77528,1.20645,0.0040996,0.0040996,0.0040996
300,19392.4,0.9003,0.94341,1.22462,0.82761,0.739,0.82553,0.62505,0.93874,0.77456,1.20632,0.0040798,0.0040798,0.0040798
301,19456.5,0.89553,0.95035,1.22459,0.82795,0.73914,0.82552,0.62525,0.93854,0.77451,1.20614,0.00406,0.00406,0.00406
302,19520.5,0.89562,0.95193,1.22508,0.82828,0.74026,0.82563,0.62541,0.93839,0.77454,1.20592,0.0040402,0.0040402,0.0040402
303,19584.7,0.89473,0.95094,1.2257,0.82789,0.73954,0.82561,0.62553,0.93846,0.77406,1.2058,0.0040204,0.0040204,0.0040204
304,19648.9,0.90259,0.94281,1.2245,0.82862,0.73914,0.82559,0.62569,0.93848,0.7736,1.20565,0.0040006,0.0040006,0.0040006
305,19713,0.89696,0.94402,1.22034,0.825,0.74126,0.82549,0.62531,0.93864,0.77334,1.20562,0.0039808,0.0039808,0.0039808
306,19777.1,0.89046,0.94165,1.22383,0.82505,0.74141,0.82526,0.62522,0.93863,0.77305,1.20561,0.003961,0.003961,0.003961
307,19841.2,0.902,0.94187,1.22474,0.82456,0.74227,0.8254,0.62545,0.93868,0.77296,1.20558,0.0039412,0.0039412,0.0039412
308,19905.3,0.89272,0.93611,1.21582,0.8248,0.74268,0.82547,0.62533,0.93858,0.77302,1.2054,0.0039214,0.0039214,0.0039214
309,19969.4,0.89134,0.93776,1.21884,0.8261,0.74131,0.8254,0.62497,0.93861,0.77274,1.20534,0.0039016,0.0039016,0.0039016
310,20033.5,0.89288,0.93922,1.22099,0.82613,0.74218,0.82534,0.62488,0.93875,0.77272,1.20524,0.0038818,0.0038818,0.0038818
311,20097.5,0.88897,0.93824,1.21783,0.82482,0.74318,0.82543,0.62517,0.93877,0.77286,1.20521,0.003862,0.003862,0.003862
312,20161.6,0.88435,0.9268,1.2144,0.82296,0.74485,0.82554,0.62531,0.93858,0.77283,1.20511,0.0038422,0.0038422,0.0038422
313,20225.6,0.88861,0.93291,1.21764,0.82439,0.74381,0.82546,0.6254,0.93842,0.77273,1.20493,0.0038224,0.0038224,0.0038224
314,20289.8,0.89625,0.93255,1.22125,0.82556,0.74305,0.8253,0.62568,0.93807,0.77253,1.20458,0.0038026,0.0038026,0.0038026
315,20353.8,0.88774,0.93299,1.21991,0.82491,0.74306,0.82537,0.62549,0.938,0.7725,1.20451,0.0037828,0.0037828,0.0037828
316,20417.9,0.88113,0.9277,1.21459,0.82201,0.74499,0.82512,0.62548,0.93793,0.77241,1.2045,0.003763,0.003763,0.003763
317,20482,0.88629,0.93027,1.21721,0.82071,0.74605,0.82529,0.62554,0.93787,0.77204,1.20447,0.0037432,0.0037432,0.0037432
318,20546,0.88893,0.92403,1.21517,0.82171,0.74558,0.82528,0.62557,0.93773,0.77187,1.2043,0.0037234,0.0037234,0.0037234
319,20609.9,0.88136,0.93655,1.21536,0.82185,0.74524,0.82518,0.62569,0.93798,0.77188,1.2045,0.0037036,0.0037036,0.0037036
320,20674,0.88548,0.92224,1.21298,0.82178,0.74525,0.82521,0.62566,0.93792,0.77164,1.20442,0.0036838,0.0036838,0.0036838
321,20737.9,0.8769,0.91734,1.20703,0.82222,0.74544,0.82499,0.6259,0.93797,0.77171,1.20434,0.003664,0.003664,0.003664
322,20801.9,0.87783,0.91647,1.21142,0.82,0.74686,0.82481,0.62589,0.93818,0.77167,1.20448,0.0036442,0.0036442,0.0036442
323,20866,0.87632,0.9144,1.20767,0.81817,0.74864,0.82488,0.62575,0.93845,0.77124,1.2046,0.0036244,0.0036244,0.0036244
324,20930,0.87512,0.9157,1.20835,0.81785,0.74805,0.82461,0.62598,0.93829,0.77119,1.20434,0.0036046,0.0036046,0.0036046
325,20994.1,0.88127,0.92268,1.21462,0.81512,0.7488,0.82451,0.62573,0.93842,0.7712,1.20446,0.0035848,0.0035848,0.0035848
326,21058,0.88831,0.91662,1.21424,0.81837,0.74739,0.82423,0.62552,0.93815,0.77078,1.20416,0.003565,0.003565,0.003565
327,21122.1,0.87615,0.90979,1.20729,0.81999,0.74809,0.8244,0.62578,0.93807,0.77084,1.20413,0.0035452,0.0035452,0.0035452
328,21186.2,0.87825,0.92095,1.20925,0.81747,0.74907,0.82434,0.62566,0.93825,0.77053,1.20427,0.0035254,0.0035254,0.0035254
329,21250.2,0.87992,0.9192,1.2138,0.81933,0.74678,0.82457,0.62566,0.93826,0.7702,1.20436,0.0035056,0.0035056,0.0035056
330,21314.1,0.8782,0.91052,1.21104,0.81857,0.74882,0.82468,0.62585,0.93846,0.76996,1.20465,0.0034858,0.0034858,0.0034858
331,21378.2,0.88092,0.91619,1.21182,0.81776,0.74997,0.82457,0.6257,0.93836,0.76984,1.20451,0.003466,0.003466,0.003466
332,21442.2,0.87353,0.90852,1.20548,0.81895,0.74912,0.82434,0.62545,0.93842,0.76981,1.20457,0.0034462,0.0034462,0.0034462
333,21506.3,0.86957,0.91156,1.20404,0.81768,0.75022,0.82459,0.62567,0.93845,0.76967,1.20453,0.0034264,0.0034264,0.0034264
334,21570.3,0.87802,0.9136,1.21217,0.81609,0.75008,0.82415,0.62545,0.93879,0.76956,1.20476,0.0034066,0.0034066,0.0034066
335,21634.4,0.87119,0.90036,1.20382,0.8186,0.74849,0.82417,0.62577,0.93934,0.76949,1.20508,0.0033868,0.0033868,0.0033868
336,21698.5,0.88046,0.91503,1.20688,0.81937,0.74798,0.82432,0.62602,0.93939,0.76947,1.20503,0.003367,0.003367,0.003367
337,21762.6,0.87239,0.90571,1.2083,0.81934,0.74693,0.82437,0.62585,0.93951,0.7695,1.20519,0.0033472,0.0033472,0.0033472
338,21826.7,0.87686,0.90538,1.20744,0.82197,0.74479,0.8242,0.62581,0.9398,0.76939,1.20532,0.0033274,0.0033274,0.0033274
339,21890.8,0.87581,0.90123,1.20708,0.82097,0.74363,0.82417,0.62552,0.93982,0.76922,1.20529,0.0033076,0.0033076,0.0033076
340,21954.9,0.87308,0.89532,1.20392,0.82458,0.7424,0.82423,0.6254,0.93993,0.76925,1.20536,0.0032878,0.0032878,0.0032878
341,22019,0.87115,0.8952,1.20234,0.82575,0.74156,0.82402,0.62528,0.94002,0.76955,1.20531,0.003268,0.003268,0.003268
342,22083.1,0.87009,0.89548,1.20332,0.82738,0.73966,0.82414,0.62524,0.94014,0.7694,1.20563,0.0032482,0.0032482,0.0032482
343,22147.2,0.87306,0.88519,1.20335,0.83378,0.73537,0.82433,0.62537,0.94043,0.76948,1.20568,0.0032284,0.0032284,0.0032284
344,22211.3,0.87396,0.89437,1.20355,0.83252,0.73661,0.82429,0.62552,0.94038,0.76929,1.20555,0.0032086,0.0032086,0.0032086
345,22275.3,0.86996,0.898,1.20792,0.83019,0.73784,0.82414,0.62554,0.94053,0.76905,1.20571,0.0031888,0.0031888,0.0031888
346,22339.4,0.87285,0.88808,1.20297,0.82626,0.74089,0.82396,0.62567,0.94056,0.76869,1.20569,0.003169,0.003169,0.003169
347,22403.5,0.86762,0.89396,1.20249,0.82217,0.74288,0.82425,0.62557,0.94069,0.76839,1.20578,0.0031492,0.0031492,0.0031492
348,22467.5,0.85772,0.87687,1.19639,0.82249,0.74301,0.82383,0.62546,0.94072,0.76851,1.20586,0.0031294,0.0031294,0.0031294
349,22531.6,0.86447,0.88397,1.19711,0.81401,0.74817,0.82379,0.62517,0.94108,0.76834,1.20616,0.0031096,0.0031096,0.0031096
350,22595.7,0.86695,0.89277,1.20269,0.81466,0.7484,0.82348,0.62511,0.94146,0.76803,1.20634,0.0030898,0.0030898,0.0030898
351,22659.9,0.87118,0.88843,1.20335,0.81536,0.74848,0.82346,0.62502,0.94154,0.76798,1.20645,0.00307,0.00307,0.00307
352,22724,0.8647,0.88196,1.19782,0.82115,0.74213,0.82341,0.62523,0.94145,0.76802,1.20632,0.0030502,0.0030502,0.0030502
353,22788,0.86174,0.88294,1.19721,0.83122,0.73588,0.8235,0.62513,0.94157,0.76787,1.20646,0.0030304,0.0030304,0.0030304
354,22852,0.86904,0.87508,1.20086,0.83128,0.73561,0.82348,0.62494,0.94139,0.76797,1.20618,0.0030106,0.0030106,0.0030106
355,22916,0.8575,0.88172,1.19605,0.81265,0.74808,0.82324,0.6249,0.94117,0.76781,1.206,0.0029908,0.0029908,0.0029908
356,22980,0.8604,0.87998,1.19551,0.81383,0.7489,0.82319,0.62498,0.94105,0.76795,1.2058,0.002971,0.002971,0.002971
357,23044.1,0.86371,0.87717,1.19675,0.81212,0.75024,0.82293,0.62483,0.94096,0.76798,1.2058,0.0029512,0.0029512,0.0029512
358,23108.2,0.85814,0.87502,1.19325,0.81196,0.75027,0.82298,0.62491,0.94092,0.76774,1.20578,0.0029314,0.0029314,0.0029314
359,23172.2,0.85764,0.86557,1.19221,0.80956,0.75147,0.8229,0.62466,0.94103,0.76787,1.20584,0.0029116,0.0029116,0.0029116
360,23236.3,0.85937,0.87904,1.19704,0.8112,0.75125,0.82266,0.62471,0.94101,0.76825,1.20575,0.0028918,0.0028918,0.0028918
361,23300.3,0.85435,0.86895,1.19192,0.81469,0.74528,0.82276,0.62465,0.94096,0.76849,1.20564,0.002872,0.002872,0.002872
362,23364.3,0.86219,0.87315,1.18719,0.81244,0.74696,0.8228,0.62483,0.94098,0.7685,1.20577,0.0028522,0.0028522,0.0028522
363,23428.3,0.85081,0.86173,1.18943,0.82387,0.74001,0.82296,0.62507,0.9413,0.76839,1.2059,0.0028324,0.0028324,0.0028324
364,23492.4,0.86075,0.86509,1.18809,0.81823,0.7435,0.82312,0.62516,0.9412,0.76841,1.20581,0.0028126,0.0028126,0.0028126
365,23556.3,0.84705,0.85818,1.18792,0.81941,0.74174,0.82301,0.62495,0.94158,0.76832,1.20617,0.0027928,0.0027928,0.0027928
366,23620.4,0.85086,0.86783,1.18987,0.82281,0.73981,0.82296,0.62479,0.94151,0.76826,1.20613,0.002773,0.002773,0.002773
367,23684.4,0.85922,0.87142,1.19018,0.82455,0.73952,0.82265,0.6248,0.94144,0.768,1.20591,0.0027532,0.0027532,0.0027532
368,23748.5,0.84705,0.84797,1.18709,0.82855,0.73793,0.82261,0.6248,0.9413,0.76805,1.20566,0.0027334,0.0027334,0.0027334
369,23812.6,0.84475,0.8576,1.18468,0.82724,0.73935,0.82246,0.62463,0.94148,0.76781,1.20578,0.0027136,0.0027136,0.0027136
370,23876.7,0.85115,0.85912,1.19035,0.82075,0.74203,0.82216,0.62473,0.94157,0.76764,1.20582,0.0026938,0.0026938,0.0026938
371,23940.7,0.83758,0.85283,1.18351,0.82211,0.74179,0.82217,0.62493,0.94158,0.76729,1.20582,0.002674,0.002674,0.002674
372,24005.4,0.84474,0.84693,1.1826,0.82749,0.73929,0.82228,0.62464,0.94176,0.76712,1.20606,0.0026542,0.0026542,0.0026542
373,24069.7,0.85678,0.86264,1.19115,0.82775,0.73957,0.8224,0.62499,0.94198,0.76685,1.20642,0.0026344,0.0026344,0.0026344
374,24133.9,0.8395,0.84443,1.18234,0.82627,0.74104,0.82255,0.62526,0.94202,0.76693,1.20643,0.0026146,0.0026146,0.0026146
375,24217,0.8497,0.84525,1.18463,0.82484,0.74225,0.82262,0.62484,0.94195,0.76709,1.20645,0.0025948,0.0025948,0.0025948
376,24284.2,0.85811,0.85204,1.19183,0.82631,0.74099,0.82266,0.62497,0.94227,0.76722,1.20689,0.002575,0.002575,0.002575
377,24367.8,0.84649,0.84702,1.18305,0.82066,0.74487,0.82261,0.6248,0.94227,0.76727,1.20702,0.0025552,0.0025552,0.0025552
378,24432.4,0.84412,0.84584,1.17947,0.81759,0.74707,0.82239,0.62476,0.94218,0.76735,1.207,0.0025354,0.0025354,0.0025354
379,24496.6,0.84714,0.84917,1.18357,0.81263,0.75092,0.82207,0.62464,0.9423,0.76749,1.2071,0.0025156,0.0025156,0.0025156
380,24560.7,0.8398,0.84624,1.17971,0.81419,0.74981,0.82187,0.62455,0.94216,0.76735,1.20707,0.0024958,0.0024958,0.0024958
381,24624.8,0.8425,0.85101,1.1828,0.81573,0.74878,0.82181,0.62439,0.94261,0.76674,1.20738,0.002476,0.002476,0.002476
382,24688.9,0.83191,0.83862,1.17693,0.81224,0.74981,0.82188,0.62438,0.94248,0.76657,1.20726,0.0024562,0.0024562,0.0024562
383,24753.1,0.84522,0.85076,1.18294,0.81905,0.74616,0.8215,0.62429,0.94265,0.76636,1.20745,0.0024364,0.0024364,0.0024364
384,24817.2,0.83743,0.84108,1.17854,0.81288,0.75028,0.82169,0.62408,0.94295,0.76626,1.20775,0.0024166,0.0024166,0.0024166
385,24881.4,0.84057,0.83932,1.17922,0.81122,0.75132,0.82178,0.624,0.94309,0.7662,1.20787,0.0023968,0.0023968,0.0023968
386,24945.6,0.83757,0.83577,1.1777,0.81268,0.75029,0.82143,0.62395,0.94303,0.76661,1.2076,0.002377,0.002377,0.002377
387,25009.8,0.83089,0.83196,1.17247,0.81346,0.75037,0.82135,0.62424,0.94296,0.76698,1.2075,0.0023572,0.0023572,0.0023572
388,25073.9,0.83733,0.83811,1.18048,0.8188,0.74769,0.82122,0.62412,0.94317,0.76729,1.20764,0.0023374,0.0023374,0.0023374
389,25138.1,0.83935,0.83663,1.17657,0.82108,0.74569,0.82115,0.62413,0.94369,0.76706,1.20802,0.0023176,0.0023176,0.0023176
390,25202.2,0.83102,0.82706,1.17573,0.82336,0.74539,0.82147,0.62415,0.9438,0.76723,1.20819,0.0022978,0.0022978,0.0022978
391,25266.3,0.83234,0.82224,1.17485,0.82261,0.74603,0.82151,0.62406,0.94378,0.76749,1.208,0.002278,0.002278,0.002278
392,25330.4,0.83523,0.83337,1.1752,0.8159,0.75028,0.8211,0.62431,0.94381,0.76743,1.20808,0.0022582,0.0022582,0.0022582
393,25394.5,0.83961,0.83022,1.17667,0.8156,0.75024,0.8209,0.62401,0.94404,0.76743,1.20819,0.0022384,0.0022384,0.0022384
394,25458.6,0.83831,0.83091,1.17528,0.81477,0.75051,0.82075,0.62387,0.94386,0.76735,1.20824,0.0022186,0.0022186,0.0022186
395,25522.8,0.8257,0.82169,1.1688,0.81499,0.74993,0.82047,0.62363,0.94407,0.7674,1.20818,0.0021988,0.0021988,0.0021988
396,25586.9,0.82122,0.80978,1.16473,0.82115,0.74449,0.8205,0.62374,0.94404,0.76702,1.20817,0.002179,0.002179,0.002179
397,25651,0.83013,0.81585,1.16597,0.8189,0.74703,0.82064,0.62383,0.94451,0.76684,1.20841,0.0021592,0.0021592,0.0021592
398,25715.1,0.82521,0.82068,1.16752,0.81976,0.74624,0.82057,0.62387,0.94467,0.76684,1.20863,0.0021394,0.0021394,0.0021394
399,25779.2,0.82446,0.81848,1.16944,0.82237,0.74438,0.82054,0.62402,0.94471,0.76662,1.20865,0.0021196,0.0021196,0.0021196
400,25843.3,0.81966,0.8079,1.16323,0.82096,0.74584,0.8208,0.62407,0.9448,0.76644,1.20864,0.0020998,0.0020998,0.0020998
401,25907.3,0.81977,0.81228,1.16472,0.81816,0.74795,0.82083,0.6242,0.94483,0.76651,1.20852,0.00208,0.00208,0.00208
402,25971.4,0.82535,0.82331,1.17113,0.81756,0.74865,0.82078,0.62416,0.94481,0.76665,1.20852,0.0020602,0.0020602,0.0020602
403,26035.6,0.81952,0.81176,1.16399,0.81981,0.74619,0.82095,0.62423,0.94484,0.76659,1.20853,0.0020404,0.0020404,0.0020404
404,26099.7,0.82315,0.81649,1.1696,0.81854,0.74845,0.82101,0.62415,0.94505,0.7665,1.20875,0.0020206,0.0020206,0.0020206
405,26163.9,0.82203,0.80458,1.16599,0.81828,0.7474,0.82099,0.6242,0.94531,0.76662,1.20892,0.0020008,0.0020008,0.0020008
406,26227.9,0.81904,0.81307,1.16595,0.81693,0.74928,0.82078,0.62403,0.94526,0.76661,1.20881,0.001981,0.001981,0.001981
407,26292.1,0.81228,0.80456,1.1624,0.81702,0.74922,0.82069,0.62417,0.94518,0.76682,1.20863,0.0019612,0.0019612,0.0019612
408,26356.3,0.81975,0.80613,1.16218,0.81985,0.74747,0.82063,0.62399,0.94552,0.76671,1.20887,0.0019414,0.0019414,0.0019414
409,26420.4,0.81516,0.80574,1.1626,0.81826,0.74931,0.82079,0.62413,0.94561,0.76672,1.20897,0.0019216,0.0019216,0.0019216
410,26484.6,0.82074,0.79851,1.16605,0.82029,0.7473,0.82076,0.62405,0.94592,0.76696,1.20919,0.0019018,0.0019018,0.0019018
411,26548.7,0.81093,0.79357,1.15874,0.82217,0.74581,0.82064,0.62392,0.94589,0.76689,1.20924,0.001882,0.001882,0.001882
412,26612.9,0.81122,0.79989,1.16088,0.82301,0.74584,0.82058,0.62372,0.94618,0.76703,1.20968,0.0018622,0.0018622,0.0018622
413,26677,0.81894,0.79854,1.16273,0.82012,0.74807,0.82047,0.62369,0.94589,0.7672,1.20952,0.0018424,0.0018424,0.0018424
414,26741.1,0.81237,0.8002,1.16294,0.82152,0.74743,0.82042,0.62368,0.946,0.76683,1.20958,0.0018226,0.0018226,0.0018226
415,26805.2,0.80943,0.7947,1.15611,0.82279,0.74696,0.8203,0.62361,0.94637,0.76721,1.20972,0.0018028,0.0018028,0.0018028
416,26869.4,0.80411,0.78886,1.15533,0.82342,0.74646,0.82015,0.62344,0.94621,0.76749,1.20962,0.001783,0.001783,0.001783
417,26933.5,0.81117,0.79356,1.15793,0.82289,0.74711,0.81988,0.62344,0.94634,0.7673,1.20982,0.0017632,0.0017632,0.0017632
418,26997.6,0.81608,0.79208,1.16298,0.82278,0.74736,0.81973,0.62317,0.94642,0.76758,1.20986,0.0017434,0.0017434,0.0017434
419,27061.7,0.80341,0.7895,1.15148,0.82376,0.74685,0.81938,0.62278,0.94662,0.76794,1.21022,0.0017236,0.0017236,0.0017236
420,27125.8,0.81157,0.77886,1.15449,0.82211,0.74748,0.81914,0.62314,0.94669,0.76769,1.21026,0.0017038,0.0017038,0.0017038
421,27189.9,0.80975,0.78752,1.1556,0.82301,0.74703,0.8188,0.62298,0.94726,0.76804,1.21079,0.001684,0.001684,0.001684
422,27254,0.79934,0.78143,1.15236,0.82553,0.74646,0.81896,0.62285,0.94742,0.76846,1.21101,0.0016642,0.0016642,0.0016642
423,27318.1,0.80847,0.7903,1.1548,0.82184,0.74863,0.81861,0.62259,0.9476,0.76883,1.21123,0.0016444,0.0016444,0.0016444
424,27382.2,0.80196,0.78045,1.15006,0.82228,0.74735,0.81863,0.62229,0.94792,0.76893,1.21157,0.0016246,0.0016246,0.0016246
425,27446.3,0.80481,0.77492,1.15315,0.82051,0.74832,0.81807,0.62238,0.94851,0.76912,1.21214,0.0016048,0.0016048,0.0016048
426,27510.5,0.80449,0.78141,1.15567,0.82031,0.74748,0.81775,0.62225,0.94891,0.7692,1.21244,0.001585,0.001585,0.001585
427,27574.6,0.79264,0.77086,1.14906,0.81676,0.75076,0.81759,0.6218,0.94947,0.76967,1.21299,0.0015652,0.0015652,0.0015652
428,27638.7,0.80457,0.77853,1.15213,0.81715,0.75032,0.8177,0.62202,0.95002,0.77021,1.21328,0.0015454,0.0015454,0.0015454
429,27702.8,0.80281,0.76822,1.14971,0.81945,0.74725,0.81758,0.62183,0.95027,0.77047,1.21345,0.0015256,0.0015256,0.0015256
430,27766.9,0.79506,0.76311,1.14297,0.81521,0.75034,0.81738,0.62161,0.9508,0.77057,1.21389,0.0015058,0.0015058,0.0015058
431,27831,0.79985,0.76032,1.14759,0.81999,0.74603,0.81672,0.62097,0.95086,0.77075,1.21399,0.001486,0.001486,0.001486
432,27895.1,0.79639,0.76872,1.14593,0.82001,0.74582,0.81702,0.62099,0.95114,0.7712,1.21433,0.0014662,0.0014662,0.0014662
433,27959.3,0.7956,0.76452,1.14485,0.81844,0.74597,0.81684,0.62095,0.9512,0.77118,1.21443,0.0014464,0.0014464,0.0014464
434,28023.3,0.79446,0.76192,1.1456,0.81778,0.74716,0.81667,0.62086,0.95174,0.7715,1.21495,0.0014266,0.0014266,0.0014266
435,28087.5,0.79555,0.76497,1.14317,0.81714,0.7477,0.8166,0.62105,0.95229,0.77157,1.21546,0.0014068,0.0014068,0.0014068
436,28151.6,0.79618,0.75327,1.1438,0.81219,0.75132,0.81627,0.62096,0.95261,0.77196,1.21572,0.001387,0.001387,0.001387
